486
2062
895
2381
1806
2019
855
1487
1244
2054
1735
2335
2073
1943
754
880
1856
1518
1082
262
960
1582
1293
147
1102
1491
1696
1577
2031
2444
1598
2023
1000
418
1712
1311
218
1902
445
1011
1424
1398
1793
1035
1458
502
2385
1087
765
2213
646
886
566
1861
1030
1088
1409
2110
429
297
1118
614
1761
2485
845
583
1264
1313
2165
233
904
628
913
1292
290
2273
478
2262
2388
1135
104
181
838
1081
2438
2463
847
2345
858
1573
2425
1776
2101
1753
1126
655
2101
407
2333
2228
1452
115
2380
2078
988
2129
1550
2043
2261
2079
2310
606
1886
1839
1696
1676
443
1505
1060
1077
2286
1536
1845
1193
2381
1472
469
823
407
450
103
1057
1733
1647
1452
1609
563
1148
1172
356
141
2063
1891
1431
1505
1595
984
2000
2255
2170
2066
1273
1983
883
2008
1164
1001
1272
1846
1009
1779
821
916
1722
1629
1605
408
1553
708
112
1209
1378
912
316
1326
1333
2032
1780
2429
1063
2410
2471
1688
1183
559
484
484
742
2282
2492
795
1492
877
1415
2077
1193
1990
891
1335
700
2159
1853
1183
1531
2415
2031
2444
770
1445
2159
192
385
478
1135
1146
1305
411
674
1682
2408
1844
105
573
789
849
2391
1980
1091
965
1632
278
670
1711
206
428
2295
815
2044
1775
728
1531
2194
1488
217
1149
1953
483
1013
596
267
2042
1632
1797
263
1186
983
2386
495
1758
1676
755
1009
2259
2370
768
819
282
1911
989
242
1892
1888
655
1623
1707
1772
601
2240
809
576
1069
1282
770
120
1183
2436
141
1006
183
1233
484
1662
1600
238
2297
679
572
610
125
2054
1766
233
130
1865
895
138
1934
2392
2450
1293
1406
1851
1811
2392
1256
567
1379
787
1374
265
1302
635
2176
1476
1433
113
708
1153
1165
2368
2021
532
910
397
950
1365
343
1142
412
1592
1358
525
1748
487
1235
423
2365
1684
1203
1835
1606
499
2143
2039
1379
1282
490
1418
1525
1370
270
1187
2027
1268
1300
323
544
219
1076
2159
1320
1963
115
1972
1661
716
270
497
132
1659
1786
2403
448
2177
542
361
1140
2416
706
1819
623
391
279
1992
2264
1156
2033
1737
385
2021
779
1527
1912
1512
310
1838
288
555
1314
762
2254
1327
641
1926
885
2036
1688
122
1352
1925
1473
1962
724
1378
940
1252
1588
1696
2024
560
1302
215
1328
495
1438
2345
1930
1909
714
231
2089
1815
832
1216
1335
2100
1629
2364
1774
1844
372
1969
2161
802
466
322
487
2402
825
1040
1679
129
2116
355
1894
929
1552
739
1614
989
528
958
273
1588
843
542
919
862
712
342
372
616
698
288
373
756
1079
1528
2387
768
156
1554
160
1351
1870
1769
857
971
1223
2386
1135
601
832
1124
1805
626
594
1625
1942
1213
1851
1996
450
654
2220
839
953
2445
2251
416
468
1935
2373
1074
635
405
149
421
1245
1431
287
1243
1342
302
1250
180
949
2156
2447
1259
1004
277
1720
639
2222
266
776
1786
1074
875
1958
466
541
2318
967
797
447
835
838
991
1812
2487
1340
1499
1553
1560
1489
1108
1744
360
1687
1229
618
2025
708
896
1231
2359
2205
118
2286
1585
367
234
358
1174
664
889
1154
245
751
712
1929
2011
1548
1171
1908
823
787
1394
2420
1242
1464
773
1333
588
839
1337
1521
1117
2353
1370
1184
487
2257
2185
2365
1541
1876
991
1157
2435
1774
2183
1524
1319
2288
673
198
1562
2182
109
1737
1252
637
1936
978
315
2425
2367
1403
1246
696
1234
2357
884
1493
2270
1994
1522
2167
1560
1768
332
107
350
282
1580
574
2238
1425
1359
1994
363
1965
679
2376
877
855
1281
801
2414
1799
290
2165
1449
668
950
1849
1938
774
311
1895
916
1325
278
1455
1080
634
2434
1007
1129
2396
1703
1594
410
2309
2079
1357
1063
2195
2273
272
935
666
1945
159
1986
1588
2134
1780
2201
264
411
395
226
2475
1272
467
555
1000
1574
1287
2223
483
2444
454
783
1007
2152
1879
1399
974
449
2431
2375
1985
2310
449
1134
2081
663
1785
674
579
2439
2228
2125
539
321
2109
1314
1774
2461
649
453
1379
2354
1281
677
2196
752
988
759
2212
667
1205
2275
917
1049
2465
856
916
1697
1944
1490
1871
692
1539
690
1684
1416
2201
1625
1775
2080
1150
1864
347
1278
1579
1144
2410
1870
2467
611
1660
1496
1278
746
339
1486
1990
1804
2012
852
1762
2040
629
1918
531
2218
2432
2226
2326
2253
283
1413
960
726
1856
2179
235
1960
928
251
927
1813
209
1895
1567
1486
1805
1919
2225
102
2232
120
890
1462
492
2111
156
819
697
2277
2075
1692
950
1579
2479
1033
1617
715
1132
2023
465
1036
136
216
387
2093
1461
118
2139
1071
248
1275
1874
1401
1019
2231
1139
449
2119
559
1549
382
1170
2161
121
737
807
320
208
246
1326
625
793
2244
1562
1664
248
1859
1852
905
702
1350
716
337
2369
1162
1335
701
1382
2156
2473
486
1985
600
344
1245
503
1304
1160
1054
1606
984
1317
1807
2318
685
1530
2184
1794
1316
1075
1250
1146
107
1798
845
1695
710
786
2442
2248
211
2307
176
633
898
329
1064
2498
2242
839
1429
296
1307
2490
1653
2173
413
2496
2003
287
428
300
1765
1492
103
1152
1880
1033
2049
1536
2186
2426
1325
1323
1392
1207
626
330
1016
2050
2032
693
2380
1368
953
782
2163
1025
1674
788
329
1969
1552
1674
1131
2495
129
252
1497
484
317
589
615
2449
1139
860
836
843
628
695
1207
1959
1849
1757
1411
1212
299
163
1234
1352
1496
871
366
2122
1078
493
2170
2251
1888
411
962
1648
1853
1924
1141
724
532
2027
1149
322
1514
1266
1828
2201
194
132
247
1776
1384
211
1205
483
665
1593
733
958
133
283
1711
616
514
1423
238
1869
117
479
781
587
1009
1784
1890
2004
245
2393
1944
518
1140
1610
629
371
219
2275
1683
757
805
602
2326
446
2428
2419
737
1822
1289
1263
965
1012
107
1793
1705
1645
1394
2082
2309
2402
1853
2064
1438
378
1859
1044
894
2159
1596
591
268
1880
415
614
667
880
1721
1347
141
169
2010
1581
506
2374
2315
389
1696
2467
2444
489
690
1123
1919
1954
560
427
2280
667
1930
873
1605
1806
191
902
1787
262
1857
1359
1798
1788
2121
1990
2177
2286
446
993
132
2375
1100
472
1921
2399
382
1203
2498
706
834
547
778
679
1994
616
1104
1649
1616
1981
1614
1768
1247
2092
313
1646
2222
1321
1825
364
1147
1184
1707
1327
1989
2091
1736
581
431
777
1760
442
2402
1472
1761
2303
195
2277
933
1894
1077
1058
1624
1127
390
635
1616
755
2028
1060
2385
1707
909
319
2127
1612
2350
773
1865
2175
308
1963
2291
1784
1510
2025
365
259
332
2364
164
1583
941
818
1174
1986
1098
2066
2133
850
1961
428
2099
2359
1852
2386
1070
2352
1846
2459
2008
1049
2079
858
685
247
117
752
2112
1388
522
192
615
1542
2294
1436
925
584
524
2327
1213
933
1187
1087
568
1245
2131
2498
812
2442
754
1780
2412
1231
1298
1184
418
1547
1398
260
1558
2313
1479
1223
1399
1883
280
796
801
1616
1345
2201
616
536
1701
563
2015
2040
1556
1364
1312
1817
2062
1486
2152
1163
2362
2127
1656
2092
958
1317
985
967
1995
575
1380
1366
1636
722
1427
1652
658
1374
1273
1163
1811
844
2269
2150
2163
807
1093
1685
781
1915
1117
185
2447
1810
368
1278
1367
494
385
1708
1086
1210
2365
1437
2466
1380
549
2334
358
1975
182
707
297
2463
399
955
1889
2390
1418
1535
2143
552
275
2249
1278
1014
2025
710
682
1246
788
1104
1103
1778
626
1522
1506
1825
1383
378
1464
178
245
1640
1320
424
1395
860
1380
271
1123
1569
845
1773
1694
201
790
937
323
1333
1686
728
1099
1170
1511
559
576
216
1321
590
2406
1615
1648
469
754
1317
2043
360
1293
1963
1383
2172
808
547
725
1942
689
1760
1917
287
767
1334
377
1687
1038
657
1808
725
2455
1306
1216
805
1046
2108
335
466
1470
942
2258
1865
2313
2062
1996
775
2386
2177
917
1855
488
164
2190
1900
1447
645
217
2202
1414
2063
2108
203
755
1381
905
1660
1004
983
1320
2260
2200
1200
174
522
347
1538
566
1001
721
624
960
2228
1194
1366
1309
764
1779
284
2063
2160
584
437
298
1867
199
590
800
1031
1615
1597
2042
1077
521
1660
1084
240
562
1899
2263
2148
2181
2155
813
2131
2421
148
907
533
2331
2205
609
415
622
186
1150
906
420
2063
2152
1516
1376
1561
1885
1847
2230
420
238
2430
396
1143
2272
280
1056
2498
991
2040
1201
1124
2017
1103
296
131
758
1434
1395
646
1719
2275
1135
1999
886
947
1248
1000
1310
1723
1398
852
270
2085
965
319
387
1565
1487
1725
126
1349
1943
1011
1854
1484
1802
1775
699
2490
144
2189
2485
1947
2447
218
556
1748
751
584
1353
798
2276
1111
244
1104
1280
2303
829
170
860
1671
594
1396
1620
2253
420
1696
690
360
2434
1933
113
552
794
2020
476
1250
696
912
1186
2368
2431
1189
2195
1755
829
1593
444
111
1779
1289
1527
999
1859
987
2252
945
1776
2158
1351
1027
1997
2338
2048
747
539
1361
111
662
2300
2359
190
356
868
2217
2240
1854
273
284
360
1713
1716
124
2272
1426
1508
457
1670
2102
976
1011
925
1352
209
773
1238
2383
1316
574
2436
1962
1269
1628
1156
1482
1521
1879
1335
1882
662
2307
2351
1261
2421
749
852
199
102
1886
152
1846
530
377
1531
917
2476
1441
1789
540
2129
1395
2255
1910
1741
899
1021
2113
362
2239
462
567
869
203
412
1528
2167
2168
1883
1078
1849
2021
1445
1711
1433
1782
2486
962
1078
812
1755
2259
332
1082
116
1193
2076
2018
1953
2488
1720
895
1475
996
2472
813
636
1952
1797
2143
1445
116
971
2086
1923
1923
1987
1592
2141
2051
626
2489
591
690
1347
2451
2393
2369
1016
1988
2185
247
2406
778
1697
1103
941
1132
489
173
178
2368
1790
1437
375
1071
2002
530
1304
1729
2372
1410
277
1560
531
1890
889
676
2207
734
1692
1357
2143
1978
890
2077
853
1701
373
1605
1744
1926
722
1867
2404
1922
1587
1800
2056
610
1622
930
907
2430
1036
1694
449
2136
1482
2051
1582
2496
477
288
2298
111
2029
1872
2258
1030
1226
359
1927
2290
2357
312
907
2143
2158
1060
502
127
972
659
2417
1501
996
1643
383
1567
1505
247
1785
598
1200
178
177
1143
1483
1836
2187
1715
2167
296
1810
1285
2141
1274
1199
445
276
2216
1276
918
2258
2409
1925
1308
1674
1988
1224
331
832
1700
2149
700
596
2203
1840
869
1589
430
2250
480
1827
924
805
1662
2174
1311
583
1017
1881
298
981
2206
2371
2006
1125
909
407
1524
1738
2174
2305
1706
1960
1949
1057
1018
262
1700
2315
1864
2099
2473
1191
740
1643
1798
177
1474
645
2293
1405
691
1072
2259
1948
849
1982
263
2058